1.284903E-03 6.800067E+02 8.899511E+00 7.309865E-04
1.541882E-03 6.553833E+02 3.218348E+00 7.345619E-04
1.798861E-03 5.633032E+02 2.275948E+00 7.387650E-04
2.055840E-03 4.716655E+02 1.827821E+00 7.435852E-04
2.312817E-03 3.758332E+02 1.335420E+00 7.490105E-04
2.569794E-03 2.890805E+02 1.101945E+00 7.550280E-04
2.826769E-03 2.196505E+02 9.460056E-01 7.616235E-04
3.083744E-03 1.552538E+02 7.340238E-01 7.687822E-04
3.340718E-03 1.102549E+02 5.936017E-01 7.764885E-04
3.597690E-03 7.287830E+01 4.623406E-01 7.847263E-04
3.854661E-03 4.952478E+01 3.793767E-01 7.934790E-04
4.111630E-03 3.206119E+01 2.995083E-01 8.027297E-04
4.368598E-03 2.078822E+01 2.272557E-01 8.124614E-04
4.625564E-03 1.330895E+01 1.827776E-01 8.226570E-04
4.882528E-03 8.435118E+00 1.445579E-01 8.332995E-04
5.139491E-03 5.658497E+00 1.147587E-01 8.443720E-04
5.396452E-03 3.793008E+00 9.403178E-02 8.558578E-04
5.653410E-03 2.883719E+00 8.021868E-02 8.677404E-04
5.910367E-03 2.373925E+00 7.429834E-02 8.800037E-04
6.167321E-03 2.202717E+00 6.939293E-02 8.926320E-04
6.424273E-03 2.197994E+00 6.712831E-02 9.056101E-04
6.681223E-03 2.004090E+00 6.444910E-02 9.189232E-04
6.938170E-03 1.934736E+00 6.520939E-02 9.325567E-04
7.195114E-03 1.866191E+00 6.007103E-02 9.464969E-04
7.452056E-03 1.729906E+00 6.004488E-02 9.607305E-04
7.708995E-03 1.544935E+00 5.182528E-02 9.752444E-04
7.965931E-03 1.562587E+00 5.133700E-02 9.900265E-04
8.222864E-03 1.404091E+00 5.636852E-02 1.005065E-03
8.479794E-03 1.327540E+00 4.678287E-02 1.020348E-03
8.736720E-03 1.345064E+00 5.073643E-02 1.035865E-03
8.993644E-03 1.244957E+00 4.791491E-02 1.051606E-03
9.250564E-03 1.220411E+00 4.708740E-02 1.067561E-03
9.507480E-03 1.192435E+00 4.620214E-02 1.083719E-03
9.764393E-03 1.178902E+00 4.088437E-02 1.100073E-03
1.002130E-02 1.126486E+00 4.125672E-02 1.116614E-03
1.027821E-02 1.109758E+00 5.113529E-02 1.133333E-03
1.053511E-02 1.119367E+00 4.682236E-02 1.150223E-03
1.079201E-02 1.103984E+00 4.746327E-02 1.167276E-03
1.104890E-02 1.098293E+00 4.117364E-02 1.184485E-03
1.130579E-02 1.131546E+00 4.193624E-02 1.201843E-03
1.156268E-02 1.140091E+00 5.640410E-02 1.219345E-03
1.181956E-02 1.113808E+00 3.675939E-02 1.236983E-03
1.207643E-02 1.082858E+00 4.180718E-02 1.254753E-03
1.233331E-02 1.055999E+00 3.454727E-02 1.272648E-03
1.259017E-02 1.024597E+00 3.894897E-02 1.290663E-03
1.284704E-02 1.040070E+00 3.736399E-02 1.308794E-03
1.310389E-02 1.020698E+00 3.815778E-02 1.327035E-03
1.336075E-02 9.946952E-01 4.161967E-02 1.345382E-03
1.361759E-02 1.120463E+00 4.074974E-02 1.363831E-03
1.387444E-02 1.022169E+00 4.463946E-02 1.382378E-03
1.413127E-02 1.043270E+00 3.892998E-02 1.401019E-03
1.438811E-02 9.050444E-01 3.803296E-02 1.419749E-03
1.464493E-02 9.980240E-01 4.043763E-02 1.438566E-03
1.490175E-02 1.059601E+00 4.490699E-02 1.457466E-03
1.515857E-02 1.053243E+00 4.637617E-02 1.476446E-03
1.541538E-02 9.884647E-01 4.611790E-02 1.495503E-03
1.567218E-02 1.001595E+00 4.668000E-02 1.514633E-03
1.592898E-02 1.036378E+00 4.314194E-02 1.533835E-03
1.618577E-02 1.024544E+00 4.492684E-02 1.553105E-03
1.644256E-02 9.724030E-01 4.100040E-02 1.572441E-03
1.669934E-02 9.570080E-01 4.516580E-02 1.591841E-03
1.695611E-02 1.019453E+00 4.436357E-02 1.611301E-03
1.721288E-02 9.957328E-01 4.704720E-02 1.630821E-03
1.746964E-02 1.030598E+00 4.883035E-02 1.650397E-03
1.772640E-02 9.505763E-01 5.285909E-02 1.670028E-03
1.798314E-02 1.072341E+00 7.616769E-02 1.689712E-03
1.823988E-02 9.989210E-01 5.957001E-02 1.709447E-03
1.849662E-02 8.714323E-01 6.518672E-02 1.729231E-03
1.875335E-02 8.703392E-01 7.591101E-02 1.749063E-03
1.901007E-02 8.828629E-01 1.176586E-01 1.768940E-03
1.926678E-02 8.920165E-01 2.999884E-01 1.788862E-03
1.952348E-02 1.032922E+00 1.675835E-01 1.808827E-03
1.978018E-02 4.313307E-01 1.978947E-01 1.828833E-03
2.003687E-02 3.022184E-02 3.812785E-01 1.848879E-03
3.027382E-02 7.730766E-01 8.855244E-03 4.416928E-03
3.632511E-02 7.764053E-01 4.391517E-03 4.734491E-03
4.237450E-02 7.791422E-01 3.500045E-03 5.084144E-03
4.842168E-02 7.741099E-01 2.976851E-03 5.459660E-03
5.446634E-02 7.730339E-01 2.652997E-03 5.855994E-03
6.050816E-02 7.666186E-01 2.414869E-03 6.269125E-03
6.654683E-02 7.724927E-01 2.276781E-03 6.695867E-03
7.258204E-02 7.667187E-01 2.216681E-03 7.133698E-03
7.861348E-02 7.662267E-01 2.147335E-03 7.580613E-03
8.464084E-02 7.704256E-01 2.064967E-03 8.035012E-03
9.066382E-02 7.647574E-01 1.955800E-03 8.495608E-03
9.668210E-02 7.671715E-01 1.912869E-03 8.961359E-03
1.026954E-01 7.661848E-01 1.849672E-03 9.431411E-03
1.087034E-01 7.634625E-01 1.827258E-03 9.905063E-03
1.147057E-01 7.664051E-01 1.760906E-03 1.038173E-02
1.207022E-01 7.660202E-01 1.692777E-03 1.086093E-02
1.266925E-01 7.651836E-01 1.693142E-03 1.134224E-02
1.326762E-01 7.666285E-01 1.635482E-03 1.182532E-02
1.386532E-01 7.698704E-01 1.599761E-03 1.230986E-02
1.446231E-01 7.650767E-01 1.564397E-03 1.279561E-02
1.505855E-01 7.643920E-01 1.541178E-03 1.328235E-02
1.565404E-01 7.653324E-01 1.510759E-03 1.376986E-02
1.624872E-01 7.646887E-01 1.479296E-03 1.425799E-02
1.684259E-01 7.638234E-01 1.443992E-03 1.474658E-02
1.743560E-01 7.672808E-01 1.442412E-03 1.523549E-02
1.802773E-01 7.656500E-01 1.406119E-03 1.572459E-02
1.861895E-01 7.653203E-01 1.390753E-03 1.621379E-02
1.920923E-01 7.626168E-01 1.359662E-03 1.670297E-02
1.979856E-01 7.636944E-01 1.336998E-03 1.719205E-02
2.038689E-01 7.648949E-01 1.324422E-03 1.768094E-02
2.097421E-01 7.673580E-01 1.317276E-03 1.816957E-02
2.156048E-01 7.666736E-01 1.283417E-03 1.865786E-02
2.214569E-01 7.651478E-01 1.273930E-03 1.914576E-02
2.272980E-01 7.627188E-01 1.272497E-03 1.963320E-02
2.331279E-01 7.651357E-01 1.253701E-03 2.012012E-02
2.389464E-01 7.630077E-01 1.213559E-03 2.060648E-02
2.447531E-01 7.661172E-01 1.208676E-03 2.109221E-02
2.505479E-01 7.648676E-01 1.210923E-03 2.157728E-02
2.563306E-01 7.648613E-01 1.192355E-03 2.206164E-02
2.621007E-01 7.639018E-01 1.183132E-03 2.254524E-02
2.678583E-01 7.624205E-01 1.176465E-03 2.302806E-02
2.736029E-01 7.653231E-01 1.171923E-03 2.351004E-02
2.793344E-01 7.647964E-01 1.170240E-03 2.399116E-02
2.850525E-01 7.642228E-01 1.172824E-03 2.447138E-02
2.907570E-01 7.627717E-01 1.193836E-03 2.495067E-02
2.964478E-01 7.640581E-01 1.232430E-03 2.542899E-02
3.021245E-01 7.634456E-01 1.256971E-03 2.590632E-02
3.077871E-01 7.635414E-01 1.281578E-03 2.638262E-02
3.134351E-01 7.625011E-01 1.321761E-03 2.685787E-02
3.190686E-01 7.624195E-01 1.301283E-03 2.733204E-02
3.246872E-01 7.608592E-01 1.360068E-03 2.780511E-02
3.302907E-01 7.640417E-01 1.357725E-03 2.827704E-02
3.358791E-01 7.600040E-01 1.364734E-03 2.874783E-02
3.414520E-01 7.616561E-01 1.382013E-03 2.921743E-02
3.470093E-01 7.589851E-01 1.381633E-03 2.968584E-02
3.525508E-01 7.594351E-01 1.434317E-03 3.015302E-02
3.580763E-01 7.614185E-01 1.394864E-03 3.061896E-02
3.635856E-01 7.592024E-01 1.438430E-03 3.108364E-02
3.690787E-01 7.601196E-01 1.450265E-03 3.154704E-02
3.745552E-01 7.630643E-01 1.465098E-03 3.200913E-02
3.800151E-01 7.620064E-01 1.473919E-03 3.246990E-02
3.854582E-01 7.636036E-01 1.488915E-03 3.292934E-02
3.908843E-01 7.618084E-01 1.544212E-03 3.338741E-02
3.962933E-01 7.615460E-01 1.551926E-03 3.384412E-02
4.016850E-01 7.649003E-01 1.585162E-03 3.429944E-02
4.070592E-01 7.596726E-01 1.627890E-03 3.475335E-02
4.124159E-01 7.624039E-01 1.749042E-03 3.520584E-02
4.177549E-01 7.615690E-01 1.990261E-03 3.565690E-02
4.230761E-01 7.641078E-01 2.230771E-03 3.610651E-02
4.283792E-01 7.637278E-01 2.816035E-03 3.655466E-02
4.336643E-01 7.672020E-01 3.757307E-03 3.700133E-02
4.389311E-01 7.586098E-01 4.824152E-03 3.744651E-02
4.441796E-01 7.630182E-01 6.516294E-03 3.789019E-02
4.494097E-01 7.749746E-01 7.862866E-03 3.833236E-02
4.546211E-01 7.651385E-01 1.215121E-02 3.877300E-02
