1.284903E-03 2.338671E+02 7.700284E+00 7.309865E-04
1.541882E-03 2.018527E+02 2.106932E+00 7.345619E-04
1.798861E-03 1.724642E+02 1.348572E+00 7.387650E-04
2.055840E-03 1.438770E+02 1.056387E+00 7.435852E-04
2.312817E-03 1.148708E+02 7.668743E-01 7.490105E-04
2.569794E-03 8.817070E+01 6.249679E-01 7.550280E-04
2.826769E-03 6.648574E+01 5.322802E-01 7.616235E-04
3.083744E-03 4.715480E+01 4.142343E-01 7.687822E-04
3.340718E-03 3.319156E+01 3.328301E-01 7.764885E-04
3.597690E-03 2.202579E+01 2.609495E-01 7.847263E-04
3.854661E-03 1.472765E+01 2.136463E-01 7.934790E-04
4.111630E-03 9.778638E+00 1.726893E-01 8.027297E-04
4.368598E-03 6.434216E+00 1.332326E-01 8.124614E-04
4.625564E-03 4.041446E+00 1.090310E-01 8.226570E-04
4.882528E-03 2.560054E+00 8.816462E-02 8.332995E-04
5.139491E-03 1.841574E+00 7.309640E-02 8.443720E-04
5.396452E-03 1.315260E+00 6.239078E-02 8.558578E-04
5.653410E-03 1.145611E+00 5.665643E-02 8.677404E-04
5.910367E-03 9.756794E-01 5.753942E-02 8.800037E-04
6.167321E-03 9.132209E-01 5.009962E-02 8.926320E-04
6.424273E-03 8.599302E-01 5.418292E-02 9.056101E-04
6.681223E-03 7.390026E-01 4.834697E-02 9.189232E-04
6.938170E-03 8.488331E-01 4.499989E-02 9.325567E-04
7.195114E-03 7.808537E-01 4.372093E-02 9.464969E-04
7.452056E-03 7.368251E-01 4.117428E-02 9.607305E-04
7.708995E-03 7.608980E-01 4.032050E-02 9.752444E-04
7.965931E-03 7.576576E-01 4.140899E-02 9.900265E-04
8.222864E-03 7.209819E-01 4.604893E-02 1.005065E-03
8.479794E-03 6.961565E-01 4.356512E-02 1.020348E-03
8.736720E-03 6.770793E-01 4.080083E-02 1.035865E-03
8.993644E-03 6.507794E-01 3.849082E-02 1.051606E-03
9.250564E-03 6.958501E-01 3.844376E-02 1.067561E-03
9.507480E-03 6.384121E-01 3.581120E-02 1.083719E-03
9.764393E-03 5.754694E-01 3.350618E-02 1.100073E-03
1.002130E-02 5.663721E-01 3.351016E-02 1.116614E-03
1.027821E-02 6.014358E-01 3.736768E-02 1.133333E-03
1.053511E-02 6.457988E-01 3.937840E-02 1.150223E-03
1.079201E-02 5.543096E-01 3.317713E-02 1.167276E-03
1.104890E-02 5.825088E-01 3.166882E-02 1.184485E-03
1.130579E-02 6.241865E-01 2.948462E-02 1.201843E-03
1.156268E-02 5.874926E-01 3.825586E-02 1.219345E-03
1.181956E-02 5.956852E-01 2.793380E-02 1.236983E-03
1.207643E-02 6.038910E-01 2.843041E-02 1.254753E-03
1.233331E-02 6.423115E-01 2.959585E-02 1.272648E-03
1.259017E-02 5.277969E-01 3.113728E-02 1.290663E-03
1.284704E-02 5.715931E-01 3.372883E-02 1.308794E-03
1.310389E-02 5.832770E-01 3.439476E-02 1.327035E-03
1.336075E-02 5.656256E-01 3.033302E-02 1.345382E-03
1.361759E-02 6.189263E-01 3.355481E-02 1.363831E-03
1.387444E-02 5.525698E-01 3.510178E-02 1.382378E-03
1.413127E-02 5.709006E-01 3.546622E-02 1.401019E-03
1.438811E-02 5.232301E-01 3.506691E-02 1.419749E-03
1.464493E-02 5.570709E-01 3.574411E-02 1.438566E-03
1.490175E-02 5.639278E-01 4.000520E-02 1.457466E-03
1.515857E-02 5.812251E-01 4.333437E-02 1.476446E-03
1.541538E-02 5.224908E-01 3.551672E-02 1.495503E-03
1.567218E-02 6.278286E-01 3.622599E-02 1.514633E-03
1.592898E-02 6.106985E-01 3.847762E-02 1.533835E-03
1.618577E-02 5.616602E-01 4.100015E-02 1.553105E-03
1.644256E-02 6.205151E-01 3.703335E-02 1.572441E-03
1.669934E-02 5.128602E-01 3.551156E-02 1.591841E-03
1.695611E-02 6.002737E-01 3.922866E-02 1.611301E-03
1.721288E-02 5.949575E-01 4.178595E-02 1.630821E-03
1.746964E-02 5.732331E-01 4.599938E-02 1.650397E-03
1.772640E-02 5.644002E-01 4.606601E-02 1.670028E-03
1.798314E-02 5.677151E-01 4.202452E-02 1.689712E-03
1.823988E-02 6.868381E-01 5.849526E-02 1.709447E-03
1.849662E-02 5.454310E-01 5.300306E-02 1.729231E-03
1.875335E-02 5.974325E-01 6.312437E-02 1.749063E-03
1.901007E-02 6.078037E-01 1.046506E-01 1.768940E-03
1.926678E-02 4.651984E-01 2.043565E-01 1.788862E-03
1.952348E-02 5.108673E-01 1.172272E-01 1.808827E-03
1.978018E-02 3.841910E-01 1.806819E-01 1.828833E-03
2.003687E-02 9.658104E-01 6.275239E-01 1.848879E-03
3.027382E-02 4.378020E-01 5.771040E-03 4.416928E-03
3.632511E-02 4.363592E-01 2.846483E-03 4.734491E-03
4.237450E-02 4.363606E-01 2.261961E-03 5.084144E-03
4.842168E-02 4.371172E-01 1.932833E-03 5.459660E-03
5.446634E-02 4.349117E-01 1.719202E-03 5.855994E-03
6.050816E-02 4.352114E-01 1.574893E-03 6.269125E-03
6.654683E-02 4.385813E-01 1.483040E-03 6.695867E-03
7.258204E-02 4.356187E-01 1.445008E-03 7.133698E-03
7.861348E-02 4.357696E-01 1.400833E-03 7.580613E-03
8.464084E-02 4.373867E-01 1.344562E-03 8.035012E-03
9.066382E-02 4.355639E-01 1.276442E-03 8.495608E-03
9.668210E-02 4.342352E-01 1.243541E-03 8.961359E-03
1.026954E-01 4.363680E-01 1.206933E-03 9.431411E-03
1.087034E-01 4.349744E-01 1.192756E-03 9.905063E-03
1.147057E-01 4.324619E-01 1.142325E-03 1.038173E-02
1.207022E-01 4.347665E-01 1.101879E-03 1.086093E-02
1.266925E-01 4.340666E-01 1.102248E-03 1.134224E-02
1.326762E-01 4.349530E-01 1.064480E-03 1.182532E-02
1.386532E-01 4.356894E-01 1.039054E-03 1.230986E-02
1.446231E-01 4.345813E-01 1.018443E-03 1.279561E-02
1.505855E-01 4.344979E-01 1.003763E-03 1.328235E-02
1.565404E-01 4.347972E-01 9.833845E-04 1.376986E-02
1.624872E-01 4.347515E-01 9.636943E-04 1.425799E-02
1.684259E-01 4.337730E-01 9.399171E-04 1.474658E-02
1.743560E-01 4.354159E-01 9.379787E-04 1.523549E-02
1.802773E-01 4.359613E-01 9.160352E-04 1.572459E-02
1.861895E-01 4.335124E-01 9.031104E-04 1.621379E-02
1.920923E-01 4.344264E-01 8.861107E-04 1.670297E-02
1.979856E-01 4.344102E-01 8.704250E-04 1.719205E-02
2.038689E-01 4.334750E-01 8.602525E-04 1.768094E-02
2.097421E-01 4.344786E-01 8.547535E-04 1.816957E-02
2.156048E-01 4.357144E-01 8.346801E-04 1.865786E-02
2.214569E-01 4.336046E-01 8.273091E-04 1.914576E-02
2.272980E-01 4.340831E-01 8.284436E-04 1.963320E-02
2.331279E-01 4.340308E-01 8.143343E-04 2.012012E-02
2.389464E-01 4.329134E-01 7.885069E-04 2.060648E-02
2.447531E-01 4.349087E-01 7.853468E-04 2.109221E-02
2.505479E-01 4.343167E-01 7.870361E-04 2.157728E-02
2.563306E-01 4.347079E-01 7.752716E-04 2.206164E-02
2.621007E-01 4.338533E-01 7.686658E-04 2.254524E-02
2.678583E-01 4.337149E-01 7.651555E-04 2.302806E-02
2.736029E-01 4.345752E-01 7.611886E-04 2.351004E-02
2.793344E-01 4.333236E-01 7.587750E-04 2.399116E-02
2.850525E-01 4.343415E-01 7.620783E-04 2.447138E-02
2.907570E-01 4.318148E-01 7.738966E-04 2.495067E-02
2.964478E-01 4.329609E-01 7.993182E-04 2.542899E-02
3.021245E-01 4.331995E-01 8.156177E-04 2.590632E-02
3.077871E-01 4.324995E-01 8.306648E-04 2.638262E-02
3.134351E-01 4.324214E-01 8.570550E-04 2.685787E-02
3.190686E-01 4.330161E-01 8.443478E-04 2.733204E-02
3.246872E-01 4.317219E-01 8.820934E-04 2.780511E-02
3.302907E-01 4.314190E-01 8.780198E-04 2.827704E-02
3.358791E-01 4.311663E-01 8.847116E-04 2.874783E-02
3.414520E-01 4.303654E-01 8.937372E-04 2.921743E-02
3.470093E-01 4.297966E-01 8.947496E-04 2.968584E-02
3.525508E-01 4.308459E-01 9.296609E-04 3.015302E-02
3.580763E-01 4.319039E-01 9.035815E-04 3.061896E-02
3.635856E-01 4.313232E-01 9.327625E-04 3.108364E-02
3.690787E-01 4.299483E-01 9.379609E-04 3.154704E-02
3.745552E-01 4.317821E-01 9.474044E-04 3.200913E-02
3.800151E-01 4.312203E-01 9.531785E-04 3.246990E-02
3.854582E-01 4.312413E-01 9.615038E-04 3.292934E-02
3.908843E-01 4.335458E-01 1.001639E-03 3.338741E-02
3.962933E-01 4.296343E-01 1.001608E-03 3.384412E-02
4.016850E-01 4.306049E-01 1.021495E-03 3.429944E-02
4.070592E-01 4.310685E-01 1.054249E-03 3.475335E-02
4.124159E-01 4.329414E-01 1.132580E-03 3.520584E-02
4.177549E-01 4.329301E-01 1.289252E-03 3.565690E-02
4.230761E-01 4.324429E-01 1.441191E-03 3.610651E-02
4.283792E-01 4.309036E-01 1.816481E-03 3.655466E-02
4.336643E-01 4.300327E-01 2.412159E-03 3.700133E-02
4.389311E-01 4.376116E-01 3.154749E-03 3.744651E-02
4.441796E-01 4.335042E-01 4.219938E-03 3.789019E-02
4.494097E-01 4.403836E-01 5.075960E-03 3.833236E-02
4.546211E-01 4.372264E-01 7.894096E-03 3.877300E-02
