1.284903E-03 4.534952E+01 3.403194E+00 7.309865E-04
1.541882E-03 2.670679E+01 7.341629E-01 7.345619E-04
1.798861E-03 2.303115E+01 3.923631E-01 7.387650E-04
2.055840E-03 1.843850E+01 2.855411E-01 7.435852E-04
2.312817E-03 1.500472E+01 2.035135E-01 7.490105E-04
2.569794E-03 1.108504E+01 1.576476E-01 7.550280E-04
2.826769E-03 8.606792E+00 1.335593E-01 7.616235E-04
3.083744E-03 6.012425E+00 1.040546E-01 7.687822E-04
3.340718E-03 4.339564E+00 8.354764E-02 7.764885E-04
3.597690E-03 2.811165E+00 6.613338E-02 7.847263E-04
3.854661E-03 1.934187E+00 5.555493E-02 7.934790E-04
4.111630E-03 1.312434E+00 4.693553E-02 8.027297E-04
4.368598E-03 8.596978E-01 3.718008E-02 8.124614E-04
4.625564E-03 5.075403E-01 3.193683E-02 8.226570E-04
4.882528E-03 3.237162E-01 2.740519E-02 8.332995E-04
5.139491E-03 2.589925E-01 2.329498E-02 8.443720E-04
5.396452E-03 2.010192E-01 2.098306E-02 8.558578E-04
5.653410E-03 1.266857E-01 1.880138E-02 8.677404E-04
5.910367E-03 1.057249E-01 2.037194E-02 8.800037E-04
6.167321E-03 1.208305E-01 1.663085E-02 8.926320E-04
6.424273E-03 1.075711E-01 2.155035E-02 9.056101E-04
6.681223E-03 1.029262E-01 1.581409E-02 9.189232E-04
6.938170E-03 1.164379E-01 1.816548E-02 9.325567E-04
7.195114E-03 1.155941E-01 1.460826E-02 9.464969E-04
7.452056E-03 1.026465E-01 1.682085E-02 9.607305E-04
7.708995E-03 7.815073E-02 1.454483E-02 9.752444E-04
7.965931E-03 1.082205E-01 1.294963E-02 9.900265E-04
8.222864E-03 6.533647E-02 1.735039E-02 1.005065E-03
8.479794E-03 7.862841E-02 1.531818E-02 1.020348E-03
8.736720E-03 7.025610E-02 1.251181E-02 1.035865E-03
8.993644E-03 6.739938E-02 1.491833E-02 1.051606E-03
9.250564E-03 8.848247E-02 1.456785E-02 1.067561E-03
9.507480E-03 7.250443E-02 1.319298E-02 1.083719E-03
9.764393E-03 6.036819E-02 1.009764E-02 1.100073E-03
1.002130E-02 5.931621E-02 1.059289E-02 1.116614E-03
1.027821E-02 5.478877E-02 1.411195E-02 1.133333E-03
1.053511E-02 5.265799E-02 1.453592E-02 1.150223E-03
1.079201E-02 6.259557E-02 1.185416E-02 1.167276E-03
1.104890E-02 6.955832E-02 1.070404E-02 1.184485E-03
1.130579E-02 7.068266E-02 9.887568E-03 1.201843E-03
1.156268E-02 4.965937E-02 1.576693E-02 1.219345E-03
1.181956E-02 6.766208E-02 9.828614E-03 1.236983E-03
1.207643E-02 5.790242E-02 1.059435E-02 1.254753E-03
1.233331E-02 6.921532E-02 1.154543E-02 1.272648E-03
1.259017E-02 5.132544E-02 1.409497E-02 1.290663E-03
1.284704E-02 6.262536E-02 1.090951E-02 1.308794E-03
1.310389E-02 6.212152E-02 1.139283E-02 1.327035E-03
1.336075E-02 5.360027E-02 9.850891E-03 1.345382E-03
1.361759E-02 6.900196E-02 1.242237E-02 1.363831E-03
1.387444E-02 5.364289E-02 9.104080E-03 1.382378E-03
1.413127E-02 6.064583E-02 1.419799E-02 1.401019E-03
1.438811E-02 5.681773E-02 1.380689E-02 1.419749E-03
1.464493E-02 5.959355E-02 1.273690E-02 1.438566E-03
1.312361E-02 1.077241E-01 1.715130E-03 3.854325E-03
1.443585E-02 9.368581E-02 1.610050E-03 3.888010E-03
1.574805E-02 8.474689E-02 1.434851E-03 3.924570E-03
1.706021E-02 8.075966E-02 1.396945E-03 3.963926E-03
1.837233E-02 7.977639E-02 1.325735E-03 4.005994E-03
1.968441E-02 7.949563E-02 1.247869E-03 4.050689E-03
2.099644E-02 7.622151E-02 1.209511E-03 4.097926E-03
2.230841E-02 7.806422E-02 1.164407E-03 4.147616E-03
2.362033E-02 7.196243E-02 1.135683E-03 4.199673E-03
2.493220E-02 7.725561E-02 1.107704E-03 4.254008E-03
2.624400E-02 7.334444E-02 1.059526E-03 4.310536E-03
2.755574E-02 7.356950E-02 1.050628E-03 4.369170E-03
2.886741E-02 7.305562E-02 9.925012E-04 4.429826E-03
3.017901E-02 7.409582E-02 9.911057E-04 4.492423E-03
3.149053E-02 7.337643E-02 9.657079E-04 4.556878E-03
3.280198E-02 7.304564E-02 9.436894E-04 4.623115E-03
3.411335E-02 7.302395E-02 9.371092E-04 4.691056E-03
3.542464E-02 7.069621E-02 8.861775E-04 4.760629E-03
3.673583E-02 7.172321E-02 8.949611E-04 4.831762E-03
3.804694E-02 7.214246E-02 8.537195E-04 4.904386E-03
3.935796E-02 7.157886E-02 8.628662E-04 4.978435E-03
4.066887E-02 7.123213E-02 8.397655E-04 5.053847E-03
4.197969E-02 7.205292E-02 8.221674E-04 5.130561E-03
4.329041E-02 7.220804E-02 8.184175E-04 5.208517E-03
4.460102E-02 7.181988E-02 7.942227E-04 5.287661E-03
4.591152E-02 7.197357E-02 7.956191E-04 5.367939E-03
4.722191E-02 7.196949E-02 7.694958E-04 5.449300E-03
4.853218E-02 7.123458E-02 7.520570E-04 5.531696E-03
4.984233E-02 7.230919E-02 7.655614E-04 5.615080E-03
5.115236E-02 7.079733E-02 7.293568E-04 5.699409E-03
5.246227E-02 7.338704E-02 7.508803E-04 5.784639E-03
5.377205E-02 7.058639E-02 7.104922E-04 5.870731E-03
5.508169E-02 7.062046E-02 7.151133E-04 5.957648E-03
5.639121E-02 7.152901E-02 7.156515E-04 6.045351E-03
5.770058E-02 6.991434E-02 6.878927E-04 6.133808E-03
5.900981E-02 7.208838E-02 7.075514E-04 6.222984E-03
6.031890E-02 7.035802E-02 6.780035E-04 6.312848E-03
6.162784E-02 7.034525E-02 6.932936E-04 6.403372E-03
6.293663E-02 7.089610E-02 6.909102E-04 6.494525E-03
6.424527E-02 7.080084E-02 7.020074E-04 6.586282E-03
6.555375E-02 7.191656E-02 7.351131E-04 6.678617E-03
6.686207E-02 6.996857E-02 7.309855E-04 6.771504E-03
6.817023E-02 7.074523E-02 7.555363E-04 6.864921E-03
6.947822E-02 6.947693E-02 7.645564E-04 6.958845E-03
7.078604E-02 7.026590E-02 7.626206E-04 7.053255E-03
7.209368E-02 6.998418E-02 7.906911E-04 7.148132E-03
7.340116E-02 7.119305E-02 7.784950E-04 7.243455E-03
7.470845E-02 7.237884E-02 8.038447E-04 7.339207E-03
6.050816E-02 6.958989E-02 4.489382E-04 6.269125E-03
6.654683E-02 6.968139E-02 4.198663E-04 6.695867E-03
7.258204E-02 7.051427E-02 4.122151E-04 7.133698E-03
7.861348E-02 6.921031E-02 3.972346E-04 7.580613E-03
8.464084E-02 6.960772E-02 3.804379E-04 8.035012E-03
9.066382E-02 6.876657E-02 3.603395E-04 8.495608E-03
9.668210E-02 6.930951E-02 3.527527E-04 8.961359E-03
1.026954E-01 6.958131E-02 3.417259E-04 9.431411E-03
1.087034E-01 6.908544E-02 3.375351E-04 9.905063E-03
1.147057E-01 6.928456E-02 3.242590E-04 1.038173E-02
1.207022E-01 6.874018E-02 3.110538E-04 1.086093E-02
1.266925E-01 6.894559E-02 3.120712E-04 1.134224E-02
1.326762E-01 6.917046E-02 3.013038E-04 1.182532E-02
1.386532E-01 6.909559E-02 2.933713E-04 1.230986E-02
1.446231E-01 6.857246E-02 2.869163E-04 1.279561E-02
1.505855E-01 6.885111E-02 2.831296E-04 1.328235E-02
1.565404E-01 6.945186E-02 2.780432E-04 1.376986E-02
1.624872E-01 6.868870E-02 2.717909E-04 1.425799E-02
1.684259E-01 6.902454E-02 2.656054E-04 1.474658E-02
1.743560E-01 6.909547E-02 2.644215E-04 1.523549E-02
1.802773E-01 6.896620E-02 2.575430E-04 1.572459E-02
1.861895E-01 6.862595E-02 2.541629E-04 1.621379E-02
1.920923E-01 6.883758E-02 2.493566E-04 1.670297E-02
1.979856E-01 6.892276E-02 2.450105E-04 1.719205E-02
2.038689E-01 6.903393E-02 2.427075E-04 1.768094E-02
2.097421E-01 6.892414E-02 2.404338E-04 1.816957E-02
2.156048E-01 6.881526E-02 2.343413E-04 1.865786E-02
2.214569E-01 6.871506E-02 2.328632E-04 1.914576E-02
2.272980E-01 6.859708E-02 2.327436E-04 1.963320E-02
2.331279E-01 6.865427E-02 2.288248E-04 2.012012E-02
2.389464E-01 6.843888E-02 2.216933E-04 2.060648E-02
2.447531E-01 6.878902E-02 2.206761E-04 2.109221E-02
2.505479E-01 6.808676E-02 2.205560E-04 2.157728E-02
2.563306E-01 6.860947E-02 2.175559E-04 2.206164E-02
2.621007E-01 6.838239E-02 2.153835E-04 2.254524E-02
2.678583E-01 6.848341E-02 2.145603E-04 2.302806E-02
2.736029E-01 6.882951E-02 2.137177E-04 2.351004E-02
2.793344E-01 6.873992E-02 2.129028E-04 2.399116E-02
2.850525E-01 6.867910E-02 2.137159E-04 2.447138E-02
2.907570E-01 6.824294E-02 2.171340E-04 2.495067E-02
2.964478E-01 6.826510E-02 2.240901E-04 2.542899E-02
3.021245E-01 6.825881E-02 2.282875E-04 2.590632E-02
3.077871E-01 6.827331E-02 2.328212E-04 2.638262E-02
3.134351E-01 6.788407E-02 2.393736E-04 2.685787E-02
3.190686E-01 6.763189E-02 2.352985E-04 2.733204E-02
3.246872E-01 6.775541E-02 2.464675E-04 2.780511E-02
3.302907E-01 6.751762E-02 2.452939E-04 2.827704E-02
3.358791E-01 6.797337E-02 2.472527E-04 2.874783E-02
3.414520E-01 6.795257E-02 2.501588E-04 2.921743E-02
3.470093E-01 6.736208E-02 2.497637E-04 2.968584E-02
3.525508E-01 6.763253E-02 2.593068E-04 3.015302E-02
3.580763E-01 6.805648E-02 2.521222E-04 3.061896E-02
3.635856E-01 6.754280E-02 2.597234E-04 3.108364E-02
3.690787E-01 6.780510E-02 2.621432E-04 3.154704E-02
3.745552E-01 6.736142E-02 2.634292E-04 3.200913E-02
3.800151E-01 6.765029E-02 2.656257E-04 3.246990E-02
3.854582E-01 6.795643E-02 2.683749E-04 3.292934E-02
3.908843E-01 6.782066E-02 2.781735E-04 3.338741E-02
3.962933E-01 6.736405E-02 2.793264E-04 3.384412E-02
4.016850E-01 6.812943E-02 2.857094E-04 3.429944E-02
4.070592E-01 6.779578E-02 2.938900E-04 3.475335E-02
4.124159E-01 6.766538E-02 3.143736E-04 3.520584E-02
4.177549E-01 6.771951E-02 3.577654E-04 3.565690E-02
4.230761E-01 6.839064E-02 4.020336E-04 3.610651E-02
4.283792E-01 6.765337E-02 5.062021E-04 3.655466E-02
4.336643E-01 6.871774E-02 6.757816E-04 3.700133E-02
4.389311E-01 6.752353E-02 8.703048E-04 3.744651E-02
4.441796E-01 6.822955E-02 1.173845E-03 3.789019E-02
4.494097E-01 6.788222E-02 1.386765E-03 3.833236E-02
4.546211E-01 6.702410E-02 2.174886E-03 3.877300E-02
