1.284903E-03 1.768446E+03 1.124000E+01 7.309865E-04
1.541882E-03 1.859478E+03 5.090514E+00 7.345619E-04
1.798861E-03 1.776371E+03 3.940643E+00 7.387650E-04
2.055840E-03 1.641370E+03 3.348770E+00 7.435852E-04
2.312817E-03 1.488769E+03 2.617237E+00 7.490105E-04
2.569794E-03 1.340234E+03 2.343005E+00 7.550280E-04
2.826769E-03 1.192303E+03 2.179402E+00 7.616235E-04
3.083744E-03 1.029728E+03 1.865707E+00 7.687822E-04
3.340718E-03 8.735455E+02 1.650899E+00 7.764885E-04
3.597690E-03 7.162447E+02 1.427793E+00 7.847263E-04
3.854661E-03 5.924095E+02 1.290864E+00 7.934790E-04
4.111630E-03 4.815212E+02 1.134532E+00 8.027297E-04
4.368598E-03 3.805700E+02 9.446160E-01 8.124614E-04
4.625564E-03 2.994738E+02 8.319184E-01 8.226570E-04
4.882528E-03 2.284624E+02 7.123879E-01 8.332995E-04
5.139491E-03 1.735260E+02 5.955882E-01 8.443720E-04
5.396452E-03 1.250038E+02 4.970426E-01 8.558578E-04
5.653410E-03 9.105739E+01 4.053884E-01 8.677404E-04
5.910367E-03 6.584176E+01 3.472655E-01 8.800037E-04
6.167321E-03 4.504246E+01 2.823022E-01 8.926320E-04
6.424273E-03 3.300628E+01 2.330958E-01 9.056101E-04
6.681223E-03 2.339719E+01 1.942155E-01 9.189232E-04
6.938170E-03 1.844228E+01 1.675865E-01 9.325567E-04
7.195114E-03 1.452880E+01 1.514169E-01 9.464969E-04
7.452056E-03 1.292616E+01 1.378880E-01 9.607305E-04
7.708995E-03 1.212433E+01 1.290783E-01 9.752444E-04
7.965931E-03 1.191692E+01 1.274789E-01 9.900265E-04
8.222864E-03 1.193951E+01 1.274616E-01 1.005065E-03
8.479794E-03 1.197653E+01 1.242670E-01 1.020348E-03
8.736720E-03 1.188248E+01 1.213445E-01 1.035865E-03
8.993644E-03 1.106329E+01 1.156314E-01 1.051606E-03
9.250564E-03 1.059335E+01 1.117432E-01 1.067561E-03
9.507480E-03 1.013988E+01 1.084249E-01 1.083719E-03
9.764393E-03 9.300880E+00 1.014893E-01 1.100073E-03
1.002130E-02 8.383820E+00 9.523484E-02 1.116614E-03
1.027821E-02 7.587720E+00 9.111339E-02 1.133333E-03
1.053511E-02 6.714207E+00 8.543827E-02 1.150223E-03
1.079201E-02 5.968801E+00 7.820152E-02 1.167276E-03
1.104890E-02 5.343442E+00 7.331808E-02 1.184485E-03
1.130579E-02 4.913789E+00 6.933714E-02 1.201843E-03
1.156268E-02 4.466415E+00 6.803545E-02 1.219345E-03
1.181956E-02 4.005496E+00 6.195238E-02 1.236983E-03
1.207643E-02 3.871032E+00 6.055561E-02 1.254753E-03
1.233331E-02 3.640047E+00 5.812459E-02 1.272648E-03
1.259017E-02 3.388313E+00 5.789860E-02 1.290663E-03
1.284704E-02 3.274884E+00 5.633352E-02 1.308794E-03
1.310389E-02 3.130032E+00 5.510119E-02 1.327035E-03
1.336075E-02 2.918922E+00 5.485724E-02 1.345382E-03
1.361759E-02 2.962503E+00 5.627221E-02 1.363831E-03
1.387444E-02 2.740220E+00 5.592344E-02 1.382378E-03
1.413127E-02 2.695390E+00 5.625144E-02 1.401019E-03
1.438811E-02 2.619817E+00 5.705379E-02 1.419749E-03
1.464493E-02 2.570526E+00 5.786065E-02 1.438566E-03
1.312361E-02 4.012895E+00 1.188875E-02 3.854325E-03
1.443585E-02 2.922147E+00 1.016486E-02 3.888010E-03
1.574805E-02 2.315931E+00 8.376049E-03 3.924570E-03
1.706021E-02 1.979066E+00 7.696164E-03 3.963926E-03
1.837233E-02 1.744510E+00 6.911009E-03 4.005994E-03
1.968441E-02 1.580944E+00 6.223259E-03 4.050689E-03
2.099644E-02 1.464415E+00 5.923995E-03 4.097926E-03
2.230841E-02 1.384102E+00 5.527168E-03 4.147616E-03
2.362033E-02 1.327792E+00 5.398814E-03 4.199673E-03
2.493220E-02 1.284441E+00 5.086358E-03 4.254008E-03
2.624400E-02 1.262710E+00 4.899161E-03 4.310536E-03
2.755574E-02 1.235307E+00 4.814790E-03 4.369170E-03
2.886741E-02 1.215754E+00 4.540265E-03 4.429826E-03
3.017901E-02 1.208030E+00 4.513328E-03 4.492423E-03
3.149053E-02 1.200565E+00 4.385867E-03 4.556878E-03
3.280198E-02 1.189385E+00 4.275171E-03 4.623115E-03
3.411335E-02 1.181835E+00 4.235227E-03 4.691056E-03
3.542464E-02 1.175761E+00 4.036057E-03 4.760629E-03
3.673583E-02 1.164339E+00 4.037509E-03 4.831762E-03
3.804694E-02 1.166004E+00 3.847122E-03 4.904386E-03
3.935796E-02 1.158006E+00 3.899246E-03 4.978435E-03
4.066887E-02 1.157327E+00 3.800411E-03 5.053847E-03
4.197969E-02 1.159025E+00 3.697689E-03 5.130561E-03
4.329041E-02 1.149444E+00 3.674750E-03 5.208517E-03
4.460102E-02 1.151222E+00 3.579567E-03 5.287661E-03
4.591152E-02 1.141738E+00 3.570191E-03 5.367939E-03
4.722191E-02 1.143171E+00 3.450420E-03 5.449300E-03
4.853218E-02 1.143928E+00 3.387395E-03 5.531696E-03
4.984233E-02 1.135652E+00 3.434930E-03 5.615080E-03
5.115236E-02 1.146087E+00 3.302518E-03 5.699409E-03
5.246227E-02 1.134828E+00 3.342645E-03 5.784639E-03
5.377205E-02 1.140365E+00 3.209666E-03 5.870731E-03
5.508169E-02 1.138188E+00 3.219068E-03 5.957648E-03
5.639121E-02 1.131652E+00 3.212582E-03 6.045351E-03
5.770058E-02 1.134789E+00 3.114207E-03 6.133808E-03
5.900981E-02 1.135468E+00 3.176092E-03 6.222984E-03
6.031890E-02 1.129888E+00 3.059943E-03 6.312848E-03
6.162784E-02 1.134757E+00 3.132621E-03 6.403372E-03
6.293663E-02 1.139360E+00 3.121943E-03 6.494525E-03
6.424527E-02 1.132227E+00 3.166525E-03 6.586282E-03
6.555375E-02 1.129862E+00 3.294163E-03 6.678617E-03
6.686207E-02 1.131987E+00 3.300100E-03 6.771504E-03
6.817023E-02 1.121918E+00 3.394393E-03 6.864921E-03
6.947822E-02 1.133193E+00 3.462386E-03 6.958845E-03
7.078604E-02 1.121118E+00 3.426221E-03 7.053255E-03
7.209368E-02 1.122761E+00 3.560268E-03 7.148132E-03
7.340116E-02 1.131895E+00 3.507484E-03 7.243455E-03
7.470845E-02 1.128141E+00 3.601824E-03 7.339207E-03
6.050816E-02 1.141595E+00 3.337174E-03 6.269125E-03
6.654683E-02 1.145889E+00 3.139634E-03 6.695867E-03
7.258204E-02 1.140895E+00 3.062845E-03 7.133698E-03
7.861348E-02 1.143231E+00 2.972180E-03 7.580613E-03
8.464084E-02 1.141600E+00 2.845899E-03 8.035012E-03
9.066382E-02 1.137303E+00 2.701437E-03 8.495608E-03
9.668210E-02 1.134371E+00 2.631644E-03 8.961359E-03
1.026954E-01 1.137057E+00 2.551609E-03 9.431411E-03
1.087034E-01 1.133345E+00 2.520289E-03 9.905063E-03
1.147057E-01 1.135840E+00 2.426961E-03 1.038173E-02
1.207022E-01 1.136707E+00 2.334986E-03 1.086093E-02
1.266925E-01 1.136959E+00 2.337411E-03 1.134224E-02
1.326762E-01 1.135191E+00 2.252725E-03 1.182532E-02
1.386532E-01 1.138806E+00 2.202400E-03 1.230986E-02
1.446231E-01 1.133632E+00 2.155865E-03 1.279561E-02
1.505855E-01 1.141462E+00 2.135739E-03 1.328235E-02
1.565404E-01 1.138987E+00 2.088738E-03 1.376986E-02
1.624872E-01 1.135580E+00 2.041932E-03 1.425799E-02
1.684259E-01 1.135551E+00 1.994819E-03 1.474658E-02
1.743560E-01 1.138592E+00 1.990665E-03 1.523549E-02
1.802773E-01 1.139705E+00 1.944883E-03 1.572459E-02
1.861895E-01 1.137059E+00 1.921072E-03 1.621379E-02
1.920923E-01 1.135341E+00 1.880597E-03 1.670297E-02
1.979856E-01 1.137767E+00 1.850469E-03 1.719205E-02
2.038689E-01 1.138006E+00 1.831346E-03 1.768094E-02
2.097421E-01 1.137724E+00 1.817520E-03 1.816957E-02
2.156048E-01 1.137236E+00 1.771340E-03 1.865786E-02
2.214569E-01 1.137591E+00 1.760855E-03 1.914576E-02
2.272980E-01 1.137695E+00 1.762869E-03 1.963320E-02
2.331279E-01 1.140834E+00 1.736627E-03 2.012012E-02
2.389464E-01 1.134392E+00 1.677419E-03 2.060648E-02
2.447531E-01 1.140669E+00 1.672582E-03 2.109221E-02
2.505479E-01 1.138010E+00 1.674725E-03 2.157728E-02
2.563306E-01 1.137550E+00 1.648862E-03 2.206164E-02
2.621007E-01 1.136196E+00 1.636339E-03 2.254524E-02
2.678583E-01 1.137669E+00 1.630831E-03 2.302806E-02
2.736029E-01 1.138805E+00 1.621459E-03 2.351004E-02
2.793344E-01 1.139826E+00 1.621344E-03 2.399116E-02
2.850525E-01 1.137075E+00 1.622813E-03 2.447138E-02
2.907570E-01 1.137019E+00 1.654169E-03 2.495067E-02
2.964478E-01 1.139746E+00 1.708297E-03 2.542899E-02
3.021245E-01 1.136859E+00 1.740555E-03 2.590632E-02
3.077871E-01 1.138082E+00 1.775873E-03 2.638262E-02
3.134351E-01 1.136697E+00 1.831856E-03 2.685787E-02
3.190686E-01 1.135072E+00 1.802019E-03 2.733204E-02
3.246872E-01 1.133994E+00 1.884600E-03 2.780511E-02
3.302907E-01 1.137100E+00 1.879805E-03 2.827704E-02
3.358791E-01 1.137334E+00 1.896842E-03 2.874783E-02
3.414520E-01 1.136753E+00 1.917338E-03 2.921743E-02
3.470093E-01 1.133018E+00 1.916911E-03 2.968584E-02
3.525508E-01 1.136313E+00 1.993788E-03 3.015302E-02
3.580763E-01 1.139911E+00 1.939862E-03 3.061896E-02
3.635856E-01 1.137261E+00 2.001267E-03 3.108364E-02
3.690787E-01 1.135324E+00 2.013453E-03 3.154704E-02
3.745552E-01 1.139206E+00 2.034140E-03 3.200913E-02
3.800151E-01 1.139043E+00 2.048065E-03 3.246990E-02
3.854582E-01 1.139828E+00 2.067072E-03 3.292934E-02
3.908843E-01 1.141514E+00 2.149815E-03 3.338741E-02
3.962933E-01 1.135548E+00 2.152706E-03 3.384412E-02
4.016850E-01 1.139263E+00 2.197838E-03 3.429944E-02
4.070592E-01 1.135207E+00 2.261797E-03 3.475335E-02
4.124159E-01 1.145523E+00 2.440228E-03 3.520584E-02
4.177549E-01 1.141571E+00 2.771955E-03 3.565690E-02
4.230761E-01 1.148421E+00 3.113143E-03 3.610651E-02
4.283792E-01 1.148984E+00 3.932683E-03 3.655466E-02
4.336643E-01 1.152229E+00 5.242664E-03 3.700133E-02
4.389311E-01 1.143030E+00 6.744671E-03 3.744651E-02
4.441796E-01 1.153718E+00 9.135772E-03 3.789019E-02
4.494097E-01 1.161559E+00 1.096294E-02 3.833236E-02
4.546211E-01 1.165579E+00 1.712678E-02 3.877300E-02
